-1.674,48.889,80.614
-2.489,49.24,81.095
-1.731,47.883,80.685
-1.722,49.102,79.628
-0.373,49.376,81.139
0.385,49.059,80.422
-0.332,50.876,81.416
-0.859,50.98,82.365
0.724,51.122,81.527
-0.924,51.781,80.424
-0.672,51.678,79.204
-1.757,52.695,80.835
-2.291,53.224,80.161
-1.869,52.774,81.836
-0.129,48.631,82.452
-1.11,48.094,83.001
1.072,48.518,83.089
1.901,48.806,82.589
1.259,48.074,84.509
2.34,48.102,84.644
0.739,48.696,85.239
0.843,46.59,84.642
1.427,45.686,84.056
-0.208,46.325,85.32
-0.727,47.137,85.623
-0.681,45.004,85.573
-0.038,44.335,86.146
-1.871,45.167,86.473
-2.21,44.209,86.868
-1.632,45.749,87.363
-2.975,45.958,85.743
-3.659,45.44,84.84
-3.144,47.175,86.017
-1.075,44.135,84.382
-0.988,42.933,84.371
-1.47,44.791,83.24
-1.568,45.796,83.27
-1.694,44.091,81.983
-0.906,43.343,81.903
-3.094,43.49,82.097
-3.137,42.725,82.872
-3.815,44.304,82.17
-3.416,42.612,80.521
-4.73,42.569,80.756
-1.522,45.016,80.733
-1.989,46.141,80.744
-0.741,44.588,79.717
-0.312,43.687,79.871
-0.043,45.386,78.654
0.507,44.699,78.01
-1.18,45.957,77.738
-1.779,46.702,78.263
-0.613,46.419,76.93
-2.126,44.942,77.093
-3.488,44.744,77.538
-3.833,45.327,78.379
-4.234,43.809,76.95
-5.231,43.605,77.313
-3.799,43.014,75.901
-4.35,42.22,75.42
-2.48,43.253,75.43
-2.056,42.639,74.649
-1.593,44.168,75.989
-0.558,44.239,75.687
1.006,46.445,79.123
1.078,46.844,80.275
1.834,46.813,78.104
1.584,46.502,77.177
2.924,47.702,78.148
3.129,47.943,79.191
4.164,47.044,77.531
3.991,46.675,76.52
5.333,48.065,77.36
5.525,48.687,78.234
6.293,47.596,77.144
5.067,48.709,76.522
4.68,45.936,78.427
5.698,45.658,78.151
4.747,46.264,79.464
3.893,44.6,78.403
3.107,44.727,79.148
3.427,44.498,77.423
4.55,43.802,78.749
2.532,49.01,77.434
1.995,48.938,76.37
2.715,50.192,78.021
3.071,50.181,78.966
2.353,51.52,77.414
1.324,51.413,77.069
2.473,52.624,78.522
1.818,52.337,79.344
3.46,52.638,78.984
2.154,54.151,78.186
2.741,54.37,77.294
2.533,55.295,79.128
2.29,56.234,78.629
2.109,55.263,80.132
3.613,55.217,79.254
0.725,54.387,77.786
0.086,54.379,78.67
0.752,55.347,77.27
0.372,53.634,77.081
3.383,51.866,76.309
4.579,51.727,76.481
2.979,52.264,75.112
1.624,52.671,74.66
1.616,54.113,74.247
2.697,54.467,73.182
2.632,55.902,72.944
3.383,56.545,71.666
3.058,55.693,70.596
4.67,56.931,72.095
2.439,57.998,71.338
1.279,58.072,70.545
0.498,59.265,70.409
0.92,60.394,71.097
2.139,60.392,71.817
2.833,59.166,72.038
3.776,59.107,72.561
2.544,61.294,72.252
0.234,61.687,70.902
0.653,62.295,70.1
0.321,62.262,71.823
-0.8,61.488,70.619
-0.396,59.27,69.804
0.887,57.228,69.995
3.309,56.306,73.575
2.283,54.008,72.284
1.699,54.912,74.984
0.687,54.264,73.698
1.443,52.069,73.77
0.833,52.365,75.346
3.896,52.441,73.99
4.856,51.979,74.222
3.476,52.002,73.085
4.145,53.88,73.593
4.376,54.407,74.518
5.231,54.028,72.541
5.178,53.227,71.282
6.456,53.509,70.616
7.423,54.089,71.645
8.298,53.456,71.79
7.613,55.155,71.514
6.322,54.124,69.726
6.775,52.516,70.301
4.274,53.441,70.712
5.159,52.156,71.484
6.648,53.82,72.988
6.769,52.81,73.379
7.089,54.82,74.107
7.885,54.515,75.028
6.577,56.088,74.006
6.14,56.184,73.1
6.592,57.159,75.009
7.116,56.745,75.87
7.421,58.338,74.525
8.464,58.046,74.399
7.053,58.797,73.608
7.534,59.526,75.422
6.753,60.684,75.266
6.924,61.457,76.396
6.528,62.439,76.612
7.857,60.811,77.139
7.867,61.073,78.114
8.196,59.66,76.6
8.789,58.905,77.096
5.209,57.468,75.652
4.186,57.044,75.129
5.215,58.292,76.743
6.112,58.704,76.957
4.043,58.474,77.555
3.715,57.452,77.742
4.361,59.163,78.904
5.239,58.662,79.312
4.64,60.187,78.653
3.285,59.168,80.045
2.783,58.201,80.088
3.82,59.398,80.966
2.166,60.124,79.981
2.13,61.042,79.182
1.214,59.923,80.803
0.577,60.704,80.878
1.29,59.166,81.466
2.934,59.215,76.773
3.111,60.301,76.176
1.725,58.675,76.768
1.73,57.719,77.093
0.483,59.204,76.128
0.402,60.291,76.118
0.411,58.626,74.699
1.287,58.992,74.164
0.457,57.537,74.726
-0.74,58.932,73.883
-1.282,60.096,73.689
-0.832,61.008,74.053
-2.354,60.07,72.834
-2.958,60.854,72.633
-2.455,58.786,72.329
-3.31,58.16,71.391
-4.095,58.763,70.96
-3.32,56.785,71.17
-4.134,56.361,70.602
-2.413,55.994,71.95
-2.431,54.915,71.9
-1.401,56.63,72.719
-0.601,56.058,73.164
-1.488,58.01,73.006
-0.822,58.818,76.91
-0.938,57.684,77.403
-1.777,59.674,77.089
-1.562,60.586,76.711
-3.074,59.462,77.643
-3.028,58.487,78.128
-3.374,60.507,78.733
-3.459,61.473,78.235
-4.343,60.21,79.134
-2.129,60.769,79.977
-1.223,61.331,79.173
-4.174,59.4,76.577
-4.143,60.081,75.571
-5.24,58.688,76.903
-5.112,58.044,77.67
-6.548,58.683,76.219
-6.846,59.716,76.045
-6.306,58.181,75.282
-7.704,58.046,76.961
-7.669,57.745,78.144
-8.814,57.86,76.252
-8.769,58.052,75.261
-10.037,57.178,76.77
-10.472,57.797,77.555
-11.157,57.156,75.747
-10.877,56.59,74.858
-11.997,56.685,76.258
-11.548,58.44,75.278
-12.429,58.624,75.612
-9.826,55.701,77.172
-10.696,55.157,77.888
-8.699,55.089,76.693
-8.017,55.671,76.229
-8.339,53.751,77.202
-8.756,53.625,78.201
-8.871,52.633,76.312
-8.791,52.841,75.245
-8.266,51.741,76.475
-10.299,52.308,76.564
-11.167,52.715,75.792
-10.573,51.478,77.533
-11.542,51.292,77.75
-9.866,51.006,78.079
-6.792,53.7,77.416
-6.115,52.729,77.149
-6.187,54.802,77.851
-6.677,55.652,78.088
-5.179,54.865,77.828
